R_IndexMetacarpal: Pos(-0.01920645, -0.01253964, 0.03994022) Rot(0, 0, 0, 1)
R_IndexProximal: Pos(-0.005868513, 0.004749607, 0.06226929) Rot(0.3405403, 0.0771451, 0.01762954, 0.9368939)
R_IndexIntermediate: Pos(2.04891E-08, 2.980232E-08, 0.04038204) Rot(0.5389853, -0.007864918, -0.02455342, 0.8419206)
R_IndexDistal: Pos(-3.213063E-08, 9.313226E-09, 0.02587665) Rot(0.2928226, 0.02007289, -0.01716519, 0.955802)
R_IndexTip: Pos(0.0003147693, 0.001091377, 0.02381083) Rot(0, 0, 0, 1)
R_LittleMetacarpal: Pos(0.02448715, -0.01002947, 0.03627889) Rot(0.01831186, 0.1403428, -0.207036, 0.9680417)
R_LittleProximal: Pos(-2.349261E-06, -1.177192E-06, 0.04860537) Rot(-5.719067E-05, -0.0002494995, 0.09239286, 0.9957226)
R_LittleIntermediate: Pos(4.33065E-08, 1.480803E-07, 0.03270862) Rot(0.1213588, 0.03738397, -0.04914678, 0.9906862)
R_LittleDistal: Pos(-5.587935E-09, 1.210719E-08, 0.02162601) Rot(0.03371659, -0.04911491, 0.0008436564, 0.9982235)
R_LittleTip: Pos(-0.0002624388, 0.001294707, 0.02334143) Rot(0, 0, 0, 1)
R_MiddleMetacarpal: Pos(-0.001947914, -0.009352147, 0.0376379) Rot(0, 0, 0, 1)
R_MiddleProximal: Pos(0.000110304, 0.006644361, 0.06419936) Rot(0.1951724, 0.09969726, -0.02333209, 0.9754096)
R_MiddleIntermediate: Pos(5.7742E-08, 6.519258E-08, 0.0457053) Rot(0.1436465, 0.002696619, -0.01204925, 0.9895521)
R_MiddleDistal: Pos(-7.124618E-08, -1.396984E-09, 0.02933283) Rot(0.008672058, 0.0001739636, -0.0444735, 0.9989729)
R_MiddleTip: Pos(0.0003287243, 0.001210871, 0.02658064) Rot(0, 0, 0, 1)
R_Palm: Pos(-0.001892736, -0.006029885, 0.06973749) Rot(0, 0, 0, 1)
R_RingMetacarpal: Pos(0.01596271, -0.006405088, 0.03702632) Rot(0, 0, 0, 1)
R_RingProximal: Pos(0.002632931, -0.0005468726, 0.05740818) Rot(0.1001363, 0.1174052, -0.05879733, 0.9862716)
R_RingIntermediate: Pos(5.867332E-08, 7.078052E-08, 0.04152) Rot(0.11384, -0.0008541198, -0.03614838, 0.9928409)
R_RingDistal: Pos(-1.047738E-08, 2.700835E-08, 0.0282933) Rot(0.05717201, -0.0295224, -0.007327453, 0.9979008)
R_RingTip: Pos(0.0002745884, 0.001712272, 0.02590057) Rot(0, 0, 0, 1)
R_ThumbMetacarpal: Pos(-0.02838294, -0.02196344, 0.03899679) Rot(0.05039465, -0.3905074, 0.6531274, 0.64683)
R_ThumbProximal: Pos(4.889444E-09, 2.561137E-09, 0.0346173) Rot(0.2539358, 0.04674316, -0.08102633, 0.9626871)
R_ThumbDistal: Pos(5.7742E-08, -2.793968E-09, 0.03598015) Rot(0.3476749, -0.02790908, 0.06914001, 0.9346459)
R_ThumbTip: Pos(0.0007137442, 0.001093415, 0.02618239) Rot(0, 0, 0, 1)

