R_IndexMetacarpal: Pos(-0.01811247, -0.01400478, 0.04121921) Rot(0, 0, 0, 1)
R_IndexProximal: Pos(-0.007433545, 0.00606847, 0.06291042) Rot(0.5606213, 0.01634942, 0.04163376, 0.8268634)
R_IndexIntermediate: Pos(-4.749745E-08, 7.962808E-08, 0.04114076) Rot(0.8099372, -0.01671147, -0.01934268, 0.5859593)
R_IndexDistal: Pos(2.607703E-08, 3.72529E-09, 0.02636286) Rot(0.5844359, 0.01150696, -0.01621228, 0.8111963)
R_IndexTip: Pos(0.0003206615, 0.001111942, 0.02425816) Rot(0, 0, 0, 1)
R_LittleMetacarpal: Pos(0.02494715, -0.01021796, 0.0369605) Rot(0.01831181, 0.1403428, -0.207036, 0.9680417)
R_LittleProximal: Pos(-2.369052E-06, -1.050532E-06, 0.04951838) Rot(0.5251623, 0.04946464, 0.05285715, 0.8479174)
R_LittleIntermediate: Pos(-1.93686E-08, -5.122274E-09, 0.03332319) Rot(0.7399024, -0.0004207586, -0.09087767, 0.6665475)
R_LittleDistal: Pos(3.026798E-08, 1.676381E-08, 0.02203228) Rot(0.5316088, -0.04125769, 0.002449945, 0.8459811)
R_LittleTip: Pos(-0.0002673742, 0.001319135, 0.02377979) Rot(0, 0, 0, 1)
R_MiddleMetacarpal: Pos(-0.0005297055, -0.01014253, 0.03887353) Rot(0, 0, 0, 1)
R_MiddleProximal: Pos(-0.001342433, 0.007383944, 0.06487687) Rot(0.581548, 0.04450291, -0.03651487, 0.8114728)
R_MiddleIntermediate: Pos(1.629815E-08, 1.117587E-08, 0.04656409) Rot(0.7889532, -0.00619281, -0.01198586, 0.6143051)
R_MiddleDistal: Pos(-2.142042E-08, -2.8871E-08, 0.02988373) Rot(0.5802631, -0.02489076, -0.09228996, 0.8088002)
R_MiddleTip: Pos(0.0003347965, 0.001233625, 0.0270801) Rot(0, 0, 0, 1)
R_Palm: Pos(-0.001200927, -0.006450582, 0.07131198) Rot(0, 0, 0, 1)
R_RingMetacarpal: Pos(0.01626259, -0.006525446, 0.03772194) Rot(0, 0, 0, 1)
R_RingProximal: Pos(0.002682415, -0.0005570482, 0.05848657) Rot(0.5756108, 0.0654557, -0.1004773, 0.8088832)
R_RingIntermediate: Pos(1.175795E-08, 2.04891E-08, 0.04230009) Rot(0.7792273, -0.02424731, -0.04065251, 0.6249514)
R_RingDistal: Pos(2.468005E-08, 1.769513E-08, 0.02882488) Rot(0.596237, -0.02628108, -0.03170371, 0.8017517)
R_RingTip: Pos(0.0002797135, 0.001744413, 0.02638721) Rot(0, 0, 0, 1)
R_ThumbMetacarpal: Pos(-0.02600658, -0.02483503, 0.04078654) Rot(0.1333684, -0.3919297, 0.6882267, 0.5957751)
R_ThumbProximal: Pos(-1.073931E-08, -7.566996E-10, 0.03526765) Rot(0.4178209, 0.02894198, -0.07648172, 0.9048418)
R_ThumbDistal: Pos(-1.583248E-08, -3.259629E-08, 0.03665627) Rot(0.3760952, -0.02489872, 0.06757122, 0.9237785)
R_ThumbTip: Pos(0.0007271944, 0.001114009, 0.02667426) Rot(0, 0, 0, 1)

